bb_0-0-0-0.mat [0, 0, 0, 0]
bb_0-0-0-1.mat [0, 0, 0, 1]
bb_0-0-0-2.mat [0, 0, 0, 2]
bb_0-0-0-3.mat [0, 0, 0, 3]
bb_0-0-0-4.mat [0, 0, 0, 4]
bb_0-0-0-5.mat [0, 0, 0, 5]
bb_0-0-0-6.mat [0, 0, 0, 6]
bb_0-0-1-0.mat [0, 0, 1, 0]
bb_0-0-1-1.mat [0, 0, 1, 1]
bb_0-0-1-2.mat [0, 0, 1, 2]
bb_0-0-1-3.mat [0, 0, 1, 3]
bb_0-0-1-4.mat [0, 0, 1, 4]
bb_0-0-1-5.mat [0, 0, 1, 5]
bb_0-0-1-6.mat [0, 0, 1, 6]
bb_0-0-2-0.mat [0, 0, 2, 0]
bb_0-0-2-1.mat [0, 0, 2, 1]
bb_0-0-2-2.mat [0, 0, 2, 2]
bb_0-0-2-3.mat [0, 0, 2, 3]
bb_0-0-2-4.mat [0, 0, 2, 4]
bb_0-0-2-5.mat [0, 0, 2, 5]
bb_0-0-2-6.mat [0, 0, 2, 6]
bb_0-0-3-0.mat [0, 0, 3, 0]
bb_0-0-3-1.mat [0, 0, 3, 1]
bb_0-0-3-2.mat [0, 0, 3, 2]
bb_0-0-3-3.mat [0, 0, 3, 3]
bb_0-0-3-4.mat [0, 0, 3, 4]
bb_0-0-3-5.mat [0, 0, 3, 5]
bb_0-0-3-6.mat [0, 0, 3, 6]
bb_0-0-4-0.mat [0, 0, 4, 0]
bb_0-0-4-1.mat [0, 0, 4, 1]
bb_0-0-4-2.mat [0, 0, 4, 2]
bb_0-0-4-3.mat [0, 0, 4, 3]
bb_0-0-4-4.mat [0, 0, 4, 4]
bb_0-0-4-5.mat [0, 0, 4, 5]
bb_0-0-4-6.mat [0, 0, 4, 6]
bb_0-1-0-0.mat [0, 1, 0, 0]
bb_0-1-0-1.mat [0, 1, 0, 1]
bb_0-1-0-2.mat [0, 1, 0, 2]
bb_0-1-0-3.mat [0, 1, 0, 3]
bb_0-1-0-4.mat [0, 1, 0, 4]
bb_0-1-0-5.mat [0, 1, 0, 5]
bb_0-1-0-6.mat [0, 1, 0, 6]
bb_0-1-1-0.mat [0, 1, 1, 0]
bb_0-1-1-1.mat [0, 1, 1, 1]
bb_0-1-1-2.mat [0, 1, 1, 2]
bb_0-1-1-3.mat [0, 1, 1, 3]
bb_0-1-1-4.mat [0, 1, 1, 4]
bb_0-1-1-5.mat [0, 1, 1, 5]
bb_0-1-1-6.mat [0, 1, 1, 6]
bb_0-1-2-0.mat [0, 1, 2, 0]
bb_0-1-2-1.mat [0, 1, 2, 1]
bb_0-1-2-2.mat [0, 1, 2, 2]
bb_0-1-2-3.mat [0, 1, 2, 3]
bb_0-1-2-4.mat [0, 1, 2, 4]
bb_0-1-2-5.mat [0, 1, 2, 5]
bb_0-1-2-6.mat [0, 1, 2, 6]
bb_0-1-3-0.mat [0, 1, 3, 0]
bb_0-1-3-1.mat [0, 1, 3, 1]
bb_0-1-3-2.mat [0, 1, 3, 2]
bb_0-1-3-3.mat [0, 1, 3, 3]
bb_0-1-3-4.mat [0, 1, 3, 4]
bb_0-1-3-5.mat [0, 1, 3, 5]
bb_0-1-3-6.mat [0, 1, 3, 6]
bb_0-1-4-0.mat [0, 1, 4, 0]
bb_0-1-4-1.mat [0, 1, 4, 1]
bb_0-1-4-2.mat [0, 1, 4, 2]
bb_0-1-4-3.mat [0, 1, 4, 3]
bb_0-1-4-4.mat [0, 1, 4, 4]
bb_0-1-4-5.mat [0, 1, 4, 5]
bb_0-1-4-6.mat [0, 1, 4, 6]
bb_1-0-0-0.mat [1, 0, 0, 0]
bb_1-0-0-1.mat [1, 0, 0, 1]
bb_1-0-0-2.mat [1, 0, 0, 2]
bb_1-0-0-3.mat [1, 0, 0, 3]
bb_1-0-0-4.mat [1, 0, 0, 4]
bb_1-0-0-5.mat [1, 0, 0, 5]
bb_1-0-0-6.mat [1, 0, 0, 6]
bb_1-0-1-0.mat [1, 0, 1, 0]
bb_1-0-1-1.mat [1, 0, 1, 1]
bb_1-0-1-2.mat [1, 0, 1, 2]
bb_1-0-1-3.mat [1, 0, 1, 3]
bb_1-0-1-4.mat [1, 0, 1, 4]
bb_1-0-1-5.mat [1, 0, 1, 5]
bb_1-0-1-6.mat [1, 0, 1, 6]
bb_1-0-2-0.mat [1, 0, 2, 0]
bb_1-0-2-1.mat [1, 0, 2, 1]
bb_1-0-2-2.mat [1, 0, 2, 2]
bb_1-0-2-3.mat [1, 0, 2, 3]
bb_1-0-2-4.mat [1, 0, 2, 4]
bb_1-0-2-5.mat [1, 0, 2, 5]
bb_1-0-2-6.mat [1, 0, 2, 6]
bb_1-0-3-0.mat [1, 0, 3, 0]
bb_1-0-3-1.mat [1, 0, 3, 1]
bb_1-0-3-2.mat [1, 0, 3, 2]
bb_1-0-3-3.mat [1, 0, 3, 3]
bb_1-0-3-4.mat [1, 0, 3, 4]
bb_1-0-3-5.mat [1, 0, 3, 5]
bb_1-0-3-6.mat [1, 0, 3, 6]
bb_1-0-4-0.mat [1, 0, 4, 0]
bb_1-0-4-1.mat [1, 0, 4, 1]
bb_1-0-4-2.mat [1, 0, 4, 2]
bb_1-0-4-3.mat [1, 0, 4, 3]
bb_1-0-4-4.mat [1, 0, 4, 4]
bb_1-0-4-5.mat [1, 0, 4, 5]
bb_1-0-4-6.mat [1, 0, 4, 6]
bb_1-1-0-0.mat [1, 1, 0, 0]
bb_1-1-0-1.mat [1, 1, 0, 1]
bb_1-1-0-2.mat [1, 1, 0, 2]
bb_1-1-0-3.mat [1, 1, 0, 3]
bb_1-1-0-4.mat [1, 1, 0, 4]
bb_1-1-0-5.mat [1, 1, 0, 5]
bb_1-1-0-6.mat [1, 1, 0, 6]
bb_1-1-1-0.mat [1, 1, 1, 0]
bb_1-1-1-1.mat [1, 1, 1, 1]
bb_1-1-1-2.mat [1, 1, 1, 2]
bb_1-1-1-3.mat [1, 1, 1, 3]
bb_1-1-1-4.mat [1, 1, 1, 4]
bb_1-1-1-5.mat [1, 1, 1, 5]
bb_1-1-1-6.mat [1, 1, 1, 6]
bb_1-1-2-0.mat [1, 1, 2, 0]
bb_1-1-2-1.mat [1, 1, 2, 1]
bb_1-1-2-2.mat [1, 1, 2, 2]
bb_1-1-2-3.mat [1, 1, 2, 3]
bb_1-1-2-4.mat [1, 1, 2, 4]
bb_1-1-2-5.mat [1, 1, 2, 5]
bb_1-1-2-6.mat [1, 1, 2, 6]
bb_1-1-3-0.mat [1, 1, 3, 0]
bb_1-1-3-1.mat [1, 1, 3, 1]
bb_1-1-3-2.mat [1, 1, 3, 2]
bb_1-1-3-3.mat [1, 1, 3, 3]
bb_1-1-3-4.mat [1, 1, 3, 4]
bb_1-1-3-5.mat [1, 1, 3, 5]
bb_1-1-3-6.mat [1, 1, 3, 6]
bb_1-1-4-0.mat [1, 1, 4, 0]
bb_1-1-4-1.mat [1, 1, 4, 1]
bb_1-1-4-2.mat [1, 1, 4, 2]
bb_1-1-4-3.mat [1, 1, 4, 3]
bb_1-1-4-4.mat [1, 1, 4, 4]
bb_1-1-4-5.mat [1, 1, 4, 5]
bb_1-1-4-6.mat [1, 1, 4, 6]