2.3093209111845336
1.9289038537384628
1.9247920869232773
1.9385884257106039
1.959107369571537
1.9457555684176358
1.9622962552231629
1.9112201015670578
1.92116239937869
1.9425611666270666
1.909215470413109
1.9175495745299698
1.9397135462079729
1.9363166991766396
1.9572185680463716
1.9148532121212452
1.932332647311223
1.9181204043425524
1.9011026667310047
1.9212104376260337
1.9180310825248816
1.923925780630731
1.9132309641156877
1.921856217570119
1.8840992977092792
1.9181081350747642
1.894981989612827
1.9283960113277683
1.9252251247306922
1.9303097477206936
1.9047649278269185
1.8839876388574575
1.9804145840855387
1.7683627644142548
1.6030672920214666
1.507237798207766
1.4707825462539474
1.4789125989009808
1.400091413553659
1.349889571016485
1.3847178580699029
1.4551588784564624
1.259981166232716
1.2536940276622772
1.3325588169035973
1.2120141712102024
1.3029798772427943
1.2122798949093014
1.1504887443084222
1.224055822019453
1.2265526145309598
1.216452268036929
1.2154866689211363
1.1093156751874205
1.1542076658118854
1.162506852057073
1.1994828128969515
1.1910386488035127
1.1470686499174538
1.130318064194221
1.0968167712162067
1.1053604700348594
1.100005127392806
1.1867729030646288
1.089275870617334
1.1448398093124488
1.1155332888101603
1.0684840470165402
1.110950482743127
1.0668661129939092
1.085566054690968
1.0965436859564348
1.0611864235494044
1.018861548467116
1.0939008009124112
1.013698678899121
1.0395717640201767
1.0263647708025845
0.9990010780173463
1.0763734664235796
1.0383034561361586
1.0353692348127241
1.0395983248562009
1.0320729872623047
1.1947661916930954
1.0618108959941122
1.0016599680696214
1.0231623138700212
1.0821944173280296
1.144773155450821
1.0620272829161062
1.0751285061433717
1.044207856252596
1.0446012848383421
1.036967888667986
0.9549640931866386
1.1059956686063246
0.9933046079301214
0.9339194332624411
0.8766082161432737
0.9049111581467962
0.8787583472666802
0.8527620380575006
0.9153136723227315
0.8697196500641959
0.9041403942293935
0.9526021817287842
0.9306721238346843
0.8658642099275218
0.9243739727255585
0.9247900011477532
0.8881816260226361
0.8446978702173604
0.8363799208944495
0.8473100611915836
0.7679865286721812
0.8020033698964428
0.8798638779621619
0.8299478886576442
0.8504546304027756
0.795133394080323
0.919396796590322
0.9156976810523442
0.7847871507530089
0.8207836468498428
0.7831614952195775
0.8845640233197769
0.8338404317180832
0.8614736032950414
0.8186195759804218
0.757737430852729
0.8229541863713946
0.8082105207752872
0.8753194928943336
0.8434864888330559
0.7745982822659728
0.7771412784403021
0.747420228340409
0.9112839534298166
0.7779376439072869
0.8138260810406177
0.7404424313988004
0.7767405711211167
0.7136115060224162
0.7370108035090682
0.7508720931681719
0.7886606485812695
0.9381030083863766
0.8201282003096172
0.7920298355740386
0.7095182272907975
0.8393732392555707
0.8188537668872189
0.7095603013967539
0.6951977062922019
0.6381936568718451
0.6640774261254769
0.6538217330907846
0.6166543263893622
0.677857028973567
0.6178178895603527
0.6135769012299451
0.6485582847486843
0.6404966034672477
0.6361575947179423
0.6423327994424027
0.6405434242703698
0.7025018020883783
0.625185176730156
0.594632273564091
0.5983851938085123
0.5956310560176898
0.7233117669820786
0.7253432589304911
0.6516768870415626
0.7215229890176228
0.6315200698453111
0.6255237736872264
0.6073785066217571
0.596577551457789
0.6319464210953031
0.6244224973700263
0.5858429972227518
0.5831920802593231
0.6098028311094681
0.6037593162679052
0.6024699069849857
0.5569320324953501
0.6273153267510525
0.6158836062078352
0.6526432850144126
0.6399857947578678
0.6236942596249766
0.5764690691774542
0.5697658735436278
0.6317988192880308
0.5957034005747213
0.579580869767573
0.5773942102859546
0.5983689591869131
0.5677091496718394
0.578186832755417
0.5706257487272287
0.5804573067209937
0.5680937151630203
0.6343373362120096
0.5498502443169618
0.6596918767922885
0.5717037186607138
0.5742683519016613
0.5721649964908501
0.5716561466068416
0.5561401900145915
0.52000415596095
0.5888924304541056
0.5293696818800716
0.5549526919018138
0.5379597432427592
0.547068532991719
0.5508881948598019
0.5286316260114893
0.5473249510124132
0.6023037149147554
0.5193630146322312
0.5157981871010421
0.5836731715055256
0.5775922527173897
0.5248782916308997
0.5305799130689014
0.5300655135667169
0.5013152734412776
0.546948879086352
0.5311452876050751
0.4988741800189018
0.5367050739851865
0.5339318695780518
0.4987875610202938
0.5503062368793921
0.5102480669300278
0.4822864714380983
0.5379542463592121
0.49202716747274644
0.5042045715373832
0.4919003357554411
0.5024646628986705
0.5300036781019979
0.4939960411616734
0.4743241851592993
0.5335738856297034
0.4884836387324643
0.4748246662996032
0.4671409253950243
0.48670033588037864
0.4798523964626448
0.48561196571046655
0.4810014244217377
0.49028056414870474
0.4953257725997405
0.5188821730288592
0.5001238738368083
0.4862203359990925
0.4864374686564718
0.4574004543292058
0.5145896787380243
0.49302835607683504
0.4476515092439466
0.46388262394186736
0.47249888483580055
0.44986402194995384
0.4819859209192264
0.49480004240940145
0.46501325428872914
0.4601166141884668
0.5192213653550519
0.5173095515989637
0.48926284009373033
0.4958059636319613
0.44183686065983463
0.46628795544822493
0.5409453793779596
0.45134218143565313
0.5018621310591698
0.4928287353802037
0.4644555710739904
0.4746029721452044
0.47973808801019346
0.4760757451514145
0.47705738338363635
0.4793370453181205
0.4957379996776581
0.47716923928880073
0.4681827331131155
0.4895785722833175
0.4979768112882391
0.4364945264412211
0.48661219764065433
0.4831830506007393
0.483366358783338
0.47158487160484514
0.5234414149414409
0.46797186920008105
0.47228687304955025
0.4509026702348288
0.4748258727130952
0.49308080593873926
0.492495214397257
0.4642072632521778
0.48562241045685556
0.4362687650439027
0.4409845642648734
0.5092415145852349
0.46024592656206775
0.4697814956307411
0.4799127146214634
0.48020530782349696
0.49572439762679016
0.46449776526008335
0.4492566886466819
0.4996128189679864
0.4817896402114398
0.45378933208329336
0.4687238803931645
0.5153920903995439
0.4325786175859439
0.4753280854844428
0.45917974770456166
0.48291315825341585
0.451617333892878
0.4589398228502893
0.4509402612200031
0.4984698570393897
0.479553215399191
0.42711280944285457
0.48290709947997873
0.48605419269629885
0.49150944810796093
0.46125027634106675
0.4651696178820226
0.4921878171818597
0.48245354219303505
0.49052762898144786
0.4736972025462559
0.47802360568727764
0.46460825117764537
0.5054989558729258
0.48058605348909056
0.4437158697030761
0.47421849015858264
0.5007853438327838
0.48815302841075053
0.4530169362952183
0.4847822350921569
0.4732058487542264
0.4685246749938308
0.4562906050062799
0.46747937411456914
0.4709172294317902
0.44086456163363025
0.44942256363181327
0.5266338518107092
0.4732263844895673
0.4751645740750548
0.47345915107758013
0.5324212342694208
0.4772950678870275
0.5056840428090715
0.44757689622702534
0.4764747087444578
0.49240261558201404
0.48915266874548674
0.44982658878162307
0.44379803722167943
0.43415273329267257
0.46573434363711963
0.4766652017057716
0.4700606336647814
0.5341513260424912
0.4343610219173617
0.44860177371021986
0.49151709869310456
0.46847129729274034
0.43765215846625244
0.4881159526767669
0.46475312674974467
0.4499321147412449
0.4894611077842774
0.4622000687114604
0.4737796107089365
0.5101955203073365
0.4949056026223418
0.4661337753588503
0.48894534661591826
0.496839106179677
0.49642557757241385
0.4973305535393876
0.4724013901182583
0.4389448511329564
0.49409980699419975
0.45558851754123514
0.48026635652625715
0.5014822493706431
0.5154108528967027
0.45370060360276854
0.4703041155423437
0.45706992818937675
0.4617619047110731
0.46828443131276537
0.5065024404169677
0.47596245549328914
0.46092360466718674
0.4910325473779208
0.4444884231144732
0.4833942646910618
0.4909597643010028
0.46390570632436057
0.45182157211102447
0.4419968697157773
0.4753084593004995
0.4766637167179739
0.5198930967357251
0.46972374066516953
0.4614546844711551
0.5000159365983753
0.4588479126815672
0.47861008897617263
0.4630620218329615
0.4706011700939822
0.4995614971433367
0.4371911180870874
0.47783386949207873
0.48248107199157986
0.432987254741904
0.4637684338278585
0.4599191812532289
0.4604621616663871
0.47654765341189
0.49202102916194246
0.4790120218674858
0.473897284404798
0.4837731286496311
0.46052184449387834
0.4967535361647606
0.46914144847300143
0.515260984758278
0.48620903724199765
0.440206266068793
0.47171502589405356
0.49257857429903823
0.4443221529582878
0.45875168136962047
0.5120475932762221
0.5023172079742729
0.43571832253561393
0.49522244011039857
0.50791370394555
0.45943205271448406
0.4926171738218951
0.46253963376020457
0.5061707380530122
0.48783646736826214
0.5197690522128885
0.4688195390747739
0.47724230393960876
0.4695972229366179
0.47305480390787125
0.45126907324249094
0.47114391886181645
0.4786405827511441
0.4744910104321195
0.4450515037426701
0.4724755221373075
0.47318417646668176
0.4743110267566396
0.458526740794058
0.46854448095931633
0.4657650635420502
0.4788824651728977
0.4829376232507941
0.4649269217020505
0.4555022286904323
0.5136802960912903
0.47108457634201295
0.44025474989956076
0.452670574381754
0.46326597015579024
0.46466815897396635
0.4824757578891593
0.463190595437954
0.4718732414888097
0.4789679523605805
0.4523277482042065
0.5395027546139507
0.4793406678484632
0.5093900459733877
0.48692027779368613
0.47986914662571695
0.5176836322847899
0.45767305172108985
0.4521554086308975
0.4549543971752191
