2.3446015018921393
2.5285468550471517
6.2273055601429625
37.57607554615318
57.146315523556304
293.6265643610583
960.2381468779081
2940.6660425136615
2634.4852902672505
3652.704038942015
3365.6832603045873
358266.5779952012
379114.2101426558
1465960.3557924542
1790744.0224444896
211844.58128535282
276423.1523255187
167799.5436028815
107499.2544985189
63491.40599121676
186804.56720604835
19217.981503499017
529197.6272416548
27846.516389462857
103887.95031563648
60576.98851413232
183500.45577831625
185787.54915470272
74560.98573303223
23061.93424175312
31407.772776417918
95929.54948128044
13251.415232707928
12017.281775576728
30493.866553368505
20151.4416464273
1038.4013545915677
1244.0572999917067
763.533708467112
3515.303121195211
1495.242735181536
91.44616301028759
339.1742313682259
76.93867752768777
86.46778505498713
27.873085182982607
26.545888488942925
5.331343624498937
3.1944536744774163
2.2134390852668067
2.293311420199159
2.265881772939261
1.8318775110430532
1.9651506101930296
1.4261870206176461
1.2630481294223241
1.1061486253490695
1.1535411097786643
1.1109827164705697
1.209642475301569
1.1339686834192895
1.1156174645021364
1.0178985537646652
1.0685916411412226
1.3716617350454454
1.1468929331023971
0.9815458419261041
1.050924502796941
1.300269585151177
1.5456908105255722
1.205892445205094
1.279375672340393
1.2111574063053379
1.1134290370074185
1.162794195212327
0.9857044239322861
1.2478345044247516
1.1241483258736598
1.0978120027424454
1.09111868406271
1.2586944467061525
1.095634139203406
1.0807691793163101
1.0463769153341071
1.0984836758731247
1.1483197355425203
1.0988666566161367
0.9446408864739654
1.070406182632818
1.053005508014134
0.9688478321224064
0.9819463239861773
0.9798798924916751
0.9096539461767519
0.9244860172658772
0.9681593648024968
0.966727721613723
0.9848889019582179
1.0676869920321874
0.9380291681011002
1.0221264021737235
1.0646133225459558
1.1211343593411631
1.034400822860854
0.9644262771327774
0.8674081378168874
0.9392176791057958
0.9985582391162972
1.1954121609012802
0.9953383551789569
1.0346200624843696
0.9400390779430216
0.8857247144370884
0.9430275423960253
1.0532743036746979
0.8980118899376361
0.9255369309481088
0.9308827569732419
1.0891400800122844
1.1028147215967055
0.9573296387861301
0.981084196985542
0.9764072331902268
0.9317677249382068
0.9769791229204698
0.8987903931698242
0.9559252111168651
0.9516204454295047
0.9084371761842207
0.8546052768632963
0.9082217382920252
0.8770039302188081
0.8628574946484009
0.8350293022858633
0.8003450682410946
0.8384239764569642
0.8766527640355097
0.9095909658384014
0.877685921145724
0.86223298001599
0.9051472614337872
0.8390857492174421
0.8383465560225697
0.8049029075093084
0.9120249827573825
0.8263258734693775
0.8453359774180821
0.805527285515488
0.8227987997717672
0.7850803382597961
0.7710534049706026
0.7347735071724112
0.8181098465408597
0.8293391044263716
0.8253348626486667
0.8155983773531852
0.7865843889001128
0.7999212118712339
0.7801275826119757
0.7494897287000309
0.7283135608032152
0.7050777627276136
0.7442239921588403
0.6787283997257034
0.6834689272301537
0.6867791923222604
0.6952094619537329
0.7048737352544611
0.6904489719248438
0.6488632952625101
0.7394118338049233
0.6588889552014214
0.6990232214138106
0.706572290364798
0.7611089387497345
0.6857334162507739
0.6680008327806151
0.6920663141585016
0.7058423947204243
0.6434023318352637
0.665886705958998
0.6736358398353899
0.7149131913463791
0.6769488842843415
0.7103827469921732
0.6650845770324979
0.6824184027198074
0.6478816655936179
0.6447700092738325
0.6537359604587802
0.6943895516844539
0.6602851231763889
0.6818214031783018
0.6304207794465028
0.6174452535130761
0.631131591347905
0.6466339497597187
0.6600934139319828
0.7097196613813376
0.6720688530764023
0.6898367668127084
0.6624286968212623
0.6049451686732181
0.5950991491992752
0.6326663331551985
0.6354345940537267
0.6200857638538658
0.5534373910783174
0.5600283474891217
0.6041473328293144
0.6030577496661769
0.683867880856836
0.6060570211379559
0.643523856029882
0.5946198471567847
0.5867270463472837
0.5978853392910648
0.6126661679961465
0.6016271322385057
0.5788189265635106
0.5972446923132066
0.6096839360989533
0.5589284834923682
0.5906377063169108
0.5359541784439769
0.5597313528324103
0.5577610013159838
0.5421409475338923
0.5345586354469324
0.5645227666412082
0.5357591087942
0.5631311725486409
0.5116360044324553
0.5448583517368738
0.5458226578382702
0.5320113074856919
0.5048185132153622
0.5159359818155115
0.4897249312950419
0.5522471387664993
0.5223134267446282
0.48811591513358155
0.5284090852969653
0.48820290269402716
0.507747141571788
0.5199907061147999
0.4933671520708443
0.49049669775095855
0.5102266965361385
0.5335393327397185
0.4894808977842331
0.542786280443142
0.5493144427801108
0.5332460755651648
0.5341506043037811
0.5106891883271081
0.4981048536765111
0.5884737231127628
0.563775656285224
0.5403194725513458
0.5130843181501735
0.4946125765125473
0.4944778208608751
0.4866721589456905
0.5132402944100367
0.49877636773245676
0.4992702856853411
0.4915585887509507
0.4799417568878694
0.4899628647155576
0.5198846849334704
0.4643970789847436
0.4656644235183666
0.4805475008952153
0.46251892085586277
0.5131741002589078
0.4970118710166448
0.48366946388374676
0.47738351856733297
0.4888969770112595
0.4744969045186972
0.4719724747074115
0.46887672721565543
0.4814148534621511
0.4794159403869084
0.501829620692637
0.49810949790400344
0.47249050186826036
0.48887213967837295
0.4744931726486652
0.49486797777089203
0.49182359835544187
0.47379099838919453
0.4916769509965723
0.4425815510285365
0.47806128085433663
0.4841852512258988
0.4399226049517656
0.44342818353083224
0.4886730745821804
0.4561324076025517
0.4190563245059608
0.4489725547564494
0.44392829939916534
0.44544120732840004
0.4600940929217772
0.4840559100175833
0.4526473426973665
0.45628741625454516
0.4761540831683518
0.4326948934754768
0.4425088446829226
0.45441259317970895
0.44454469067322744
0.42966620953052076
0.45054403682807825
0.440151706241168
0.43602039752068456
0.43540817508836843
0.45021827944687437
0.4449877337395371
0.4435358586442935
0.40866176193797743
0.462272499482353
0.4634725230854827
0.43214009189373487
0.45244637402621185
0.4578412838957526
0.4464806209911
0.43822635981169616
0.4606095731451914
0.4313467305589032
0.44803340849164247
0.42146545842096406
0.46995323809323375
0.45934987252021764
0.4464437268771134
0.42579921838138013
0.434322901940965
0.4304234211321001
0.42879955364125116
0.44769014069786317
0.44925967574893655
0.42775492670087073
0.4455279288934423
0.4438440829708979
0.44880222538848974
0.46047361330552533
0.43612897105805287
0.454905292140199
0.451271351571981
0.45480800720004294
0.43199265767614564
0.42126217329656923
0.42525171614312507
0.46412244922928997
0.471289051430566
0.42191590397775947
0.4373538175767118
0.42982253412921706
0.47304309933603583
0.4281206554793692
0.44264837073815333
0.4326112741580257
0.4430408061711819
0.4294163490851204
0.4350296277310941
0.42744001136584714
0.4391904641668518
0.432862247449237
0.45704929898311564
0.41712090015024333
0.4433323051054756
0.45041589429239176
0.45139942182735965
0.4307188554243608
0.4321177833072551
0.4507627791011488
0.45972213178098975
0.4135119177691348
0.4463809575740393
0.4452299993340071
0.408863773980698
0.4351768815865764
0.4346085918414128
0.41843118905634075
0.42038292070100836
0.4523099059021318
0.4322259258720782
0.4316197533112068
0.4133720123148584
0.4319277492823539
0.4568475473236728
0.4445886704828832
0.43338557429514923
0.48919385507122265
0.4320060571099257
0.43596547348545744
0.4218955033204772
0.43460111116821115
0.44276004584578726
0.4047798735948352
0.439983326990109
0.4438787982254833
0.4556428666238661
0.4217475582059328
0.43957793944841855
0.4412255674213558
0.42895714957992753
0.4427176518486692
0.4132758416719251
0.42751672118902206
0.44732386009259656
0.4277416823746322
0.46798314115443784
0.43837267499078403
0.43579498852615234
0.4156051535498012
0.41989587315104226
0.4850847598213654
0.45258024596161656
0.4193570254878564
0.46420045825955153
0.41788614879954944
0.4589859512332198
0.42412904882198804
0.43550261439054044
0.45646493611010636
0.4439641808147554
0.43659748117645064
0.43503000325970836
0.4407141547311436
0.4303999657367731
0.43335387817063886
0.4122130358954529
0.4512268247735965
0.443813485855406
0.4186656384111999
0.4124222123971233
0.4558558605321042
0.4484403541722855
0.4378779947564199
0.4341646835401461
0.4573994975585442
0.43941896292683363
0.43672119022963884
0.42871950499036093
0.4404344025563884
0.41292062498532334
0.4952514964071187
0.44298655055947117
0.407633471411544
0.4538445727198155
0.44545473467994046
0.4541368112935648
0.4322926910086112
0.4155824479538125
0.43590659841701584
0.4482469883832065
0.4317696551223854
0.4603849933906035
0.43361744797461993
0.44563025400623096
0.4126815957488952
0.3975956742833187
0.43950612668867234
0.44536782152854004
0.45997077662062336
0.4283701334293787
0.4099706081407411
0.4306247592359394
0.46502880993988605
0.3837319022262251
0.4083069405191905
0.4359914357592533
0.47179124059228156
0.44754516497834934
0.44193209901258546
0.4014702553485895
0.4518237818371166
0.4465605119219074
0.4200086953578057
0.4248639525144131
0.4352067671232409
0.41299034732502776
0.42709866456397166
0.4312920495867729
0.43558366722487785
0.44309331834703297
0.4029728298063402
0.39547957189671407
0.4518188348451218
0.4134162597648509
0.4430221194377193
0.44995599065895203
0.4740363113678895
0.40427245170652093
0.4282853294696127
0.42313365860805885
0.44030043715006345
